23
29
22
29
28
21
32
33
30
31
26
28
37
24
25
28
28
29
34
35
25
25
32
27
25
27
16
29
29
22
27
23
25
29
24
26
29
27
28
23
26
27
32
21
32
25
35
24
34
28
26
30
30
23
32
21
27
24
32
33
32
32
35
22
27
22
19
35
24
20
14
23
14
21
30
24
27
20
39
28
25
34
24
16
31
22
33
19
29
27
30
34
36
30
22
28
33
28
33
20
26
31
40
31
22
20
21
29
18
27
30
29
33
24
30
25
31
16
26
27
18
30
28
23
31
22
33
20
24
33
16
25
27
17
28
23
21
11
24
25
27
23
21
19
21
26
32
34
15
18
18
21
24
27
25
30
22
33
19
20
26
27
15
31
24
29
24
20
28
22
31
27
37
25
31
32
30
23
34
17
24
35
24
26
26
21
35
23
26
28
36
34
25
31
26
27
24
23
31
29
